109 241 274 334 383 628 770 864 882 958
6 122 252 403 516 742 744 810 836 956
124 265 389 525 573 608 663 745 803 1000
352 392 548 566 608 884 909 917 977 1024
41 70 144 177 316 484 629 745 764 1015
240 338 473 567 668 741 747 832 884 1020
98 157 207 320 383 468 645 710 753 906
117 370 618 647 714 743 747 756 932 980
78 202 217 348 409 496 666 700 853 954
17 126 133 170 204 489 619 845 881 895
82 84 99 468 472 553 679 725 796 854
410 449 505 535 558 594 598 698 800 927
58 141 321 417 459 512 606 676 704 952
113 270 483 552 592 627 731 835 914 948
88 279 291 509 654 755 807 864 976 1002
21 29 134 177 256 275 281 890 916 970
227 263 338 340 559 592 726 789 805 995
87 125 185 224 631 703 735 742 892 1009
12 153 180 323 508 707 740 808 966 977
94 142 255 257 314 371 478 512 894 1017
199 353 400 518 712 760 769 816 868 994
78 287 692 700 746 772 776 792 817 861
24 30 87 99 181 457 557 660 793 1022
3 37 45 343 569 736 779 782 841 918
147 398 430 506 621 716 804 897 954 981
44 76 81 200 353 364 580 715 765 959
12 63 152 265 588 720 729 884 895 901
123 150 193 204 246 595 690 691 823 960
62 69 190 225 279 397 606 655 859 913
25 26 41 54 201 613 688 816 894 1021
91 135 288 372 415 572 661 777 912 915
184 217 358 490 491 591 658 772 938 992
254 303 466 486 494 709 770 779 820 1006
69 72 206 224 225 245 314 404 788 1013
154 161 337 526 567 657 685 791 834 923
4 51 97 104 105 197 420 726 873 930
27 172 271 352 373 413 549 607 681 807
112 114 434 466 665 715 766 786 795 999
64 113 308 362 574 739 772 897 929 1015
313 392 433 657 666 741 833 865 922 1005
222 230 304 326 370 452 462 548 981 989
246 381 499 507 512 563 579 765 935 1003
14 30 421 432 514 546 648 788 804 963
108 354 357 459 475 519 811 887 906 928
40 66 84 121 252 354 363 406 550 743
115 125 144 236 312 415 418 794 980 1023
12 36 188 324 362 606 646 671 968 1024
120 304 364 435 443 536 587 714 890 1002
58 71 361 436 540 647 764 838 1014 1022
89 442 626 634 663 698 725 744 776 799
25 177 208 580 585 758 839 933 992 993
45 168 426 636 670 712 724 809 843 997
24 277 309 451 479 616 667 877 936 988
11 29 48 54 395 453 463 538 620 1005
160 257 276 317 486 657 758 780 793 944
2 231 277 332 359 506 549 552 875 1020
34 285 294 356 373 457 501 582 769 930
350 418 423 651 659 704 706 738 855 1008
96 102 148 311 325 341 662 925 949 990
225 226 287 322 344 376 431 491 575 783
71 121 193 251 391 453 549 730 766 913
74 89 196 309 449 495 522 581 719 877
14 85 158 224 333 413 747 823 920 942
86 271 294 346 368 384 391 675 775 867
13 35 42 46 103 378 489 612 954 976
49 102 232 312 398 505 518 538 691 860
7 123 201 214 514 556 702 795 977 986
10 103 104 284 326 365 622 697 744 951
128 138 146 190 356 411 577 641 889 893
20 60 154 266 348 498 523 612 644 875
7 47 148 189 229 268 456 809 901 935
43 94 281 331 487 595 699 775 820 853
40 283 299 436 441 557 561 635 854 932
57 99 110 243 268 294 464 554 797 814
149 178 209 247 625 626 711 840 928 1008
146 149 173 190 213 216 269 308 477 623
39 105 281 291 336 544 650 703 851 919
33 183 551 569 593 664 680 699 751 865
122 267 321 398 496 593 605 627 796 904
38 60 72 360 629 681 793 798 991 998
2 65 145 176 342 705 804 826 929 971
224 299 356 604 644 663 683 706 798 990
30 122 232 396 553 646 869 918 924 998
23 68 194 316 369 388 450 598 864 952
46 185 227 311 327 353 361 642 920 984
18 146 341 373 515 593 842 1006 1007 1019
21 173 186 280 286 341 367 588 641 946
16 134 199 274 301 672 699 731 784 972
8 39 59 127 367 429 435 651 892 946
69 142 168 196 220 290 335 586 851 985
198 218 318 339 359 401 414 419 597 1006
36 183 240 353 385 515 686 691 775 969
167 285 298 317 327 377 634 778 855 902
147 375 383 412 422 592 602 695 953 978
165 207 219 393 444 644 646 725 924 961
58 93 467 555 580 646 682 827 863 894
360 405 408 413 466 526 605 845 925 1001
116 198 279 361 391 474 539 646 707 918
18 284 406 478 494 707 796 890 936 965
88 340 434 443 570 575 743 797 810 969
80 230 303 311 335 531 596 724 787 831
83 322 389 471 581 619 630 762 880 982
33 100 143 146 324 428 602 746 792 827
40 69 228 430 435 486 607 836 923 948
52 96 155 221 328 391 444 476 806 888
208 232 285 484 516 682 735 798 848 932
366 458 613 634 648 670 755 822 921 925
114 202 340 402 570 579 628 724 831 993
139 206 209 254 362 511 537 617 938 974
288 473 545 610 680 708 782 869 888 973
426 440 492 493 585 636 684 799 888 1007
160 162 387 492 608 698 858 872 898 914
26 218 331 345 419 508 527 631 910 977
119 244 312 352 366 472 508 613 839 912
15 112 123 140 289 329 336 790 903 959
103 108 173 187 427 718 860 917 953 978
86 149 184 231 454 476 501 586 750 926
10 148 242 306 572 818 843 871 951 959
34 333 341 347 627 649 680 754 789 846
71 97 287 318 373 434 620 649 1004 1005
140 180 256 263 343 435 564 578 899 926
64 92 113 119 193 194 275 575 637 947
17 101 173 274 463 794 884 899 932 970
105 236 288 383 489 514 614 683 845 1010
99 141 293 297 511 578 651 761 899 980
111 267 298 373 438 556 573 872 1011 1019
43 91 220 326 421 498 520 603 669 953
372 470 512 561 691 697 781 873 973 1002
359 438 455 477 522 526 530 739 774 979
44 185 226 305 501 540 737 763 798 802
225 295 320 402 532 574 667 720 807 816
143 197 302 433 476 548 661 848 915 983
36 52 108 275 443 541 661 666 850 942
118 203 301 369 391 543 640 678 689 767
55 119 141 270 347 653 834 871 894 1015
145 211 291 402 442 621 668 810 953 975
235 265 300 317 364 520 561 804 808 1018
28 167 217 358 434 508 653 672 685 982
239 369 386 616 651 665 717 756 777 930
247 278 441 642 650 740 777 788 812 857
150 296 394 439 451 527 537 684 749 949
171 258 343 524 585 609 783 922 960 1009
104 244 470 524 681 739 839 870 877 965
1 178 210 467 524 577 896 945 949 1017
33 128 164 182 412 575 780 816 822 1018
50 182 194 266 399 564 666 822 960 1004
61 100 177 315 371 407 420 451 665 728
51 101 164 302 360 623 654 669 695 696
151 191 237 295 454 636 677 737 805 811
80 130 160 170 275 280 553 671 818 829
135 171 258 472 689 733 767 809 846 978
4 11 70 163 471 568 756 757 810 968
76 193 261 287 303 410 741 849 858 973
48 65 194 251 423 463 499 556 569 974
76 420 450 464 599 719 879 921 957 1024
116 324 329 663 686 817 844 861 874 911
312 438 513 552 590 631 683 708 912 1021
156 176 215 319 437 546 587 675 716 965
47 91 191 227 355 538 621 665 825 848
82 127 179 248 329 488 817 867 921 969
79 132 387 482 485 502 579 704 738 786
145 175 214 298 384 465 612 650 851 1008
222 372 441 471 474 565 836 909 931 957
77 270 397 507 681 760 859 942 985 997
44 51 75 218 289 369 625 715 779 933
153 192 215 299 533 763 769 907 985 986
96 147 172 230 367 612 626 679 778 951
98 181 203 317 350 388 430 448 600 873
259 302 312 660 808 875 888 941 995 1022
191 264 361 541 695 779 833 917 943 974
1 62 80 106 365 545 840 859 949 1021
11 47 129 197 234 257 375 811 847 962
41 174 338 401 468 471 476 852 855 870
6 38 197 273 753 966 981 996 999 1011
182 273 494 513 648 705 812 878 914 927
115 482 518 719 734 797 801 862 965 1023
72 109 174 268 322 363 495 705 731 955
77 152 243 294 363 461 496 506 717 829
78 339 422 450 510 516 545 554 920 934
67 104 562 711 727 776 778 786 902 958
64 196 370 460 481 492 663 744 905 972
93 96 313 325 347 525 594 637 692 779
69 202 365 374 461 510 710 826 937 1012
116 144 217 275 400 513 598 766 831 832
28 56 68 95 342 382 765 857 870 898
9 39 42 52 521 688 910 941 971 993
66 329 368 403 456 533 661 687 819 904
22 245 350 386 489 721 759 794 870 931
6 128 157 241 272 714 727 925 932 1012
238 301 325 399 468 495 611 708 742 944
93 106 345 447 547 568 723 737 763 764
224 356 457 555 558 565 568 714 781 858
95 98 158 389 633 761 770 823 889 927
31 129 148 354 425 500 540 546 694 896
86 151 411 437 460 480 735 811 908 1013
128 205 216 368 402 420 458 881 916 987
90 175 239 315 447 549 685 877 900 934
30 64 153 288 314 641 685 733 749 948
271 300 306 562 600 616 622 730 790 845
134 226 298 319 376 475 564 718 752 963
47 376 519 520 638 652 658 732 773 972
88 91 115 163 285 344 813 856 946 991
50 107 424 428 586 587 593 639 835 910
85 117 200 318 502 631 854 883 935 944
100 131 495 506 521 571 600 649 879 903
50 81 90 159 283 318 332 407 465 939
61 152 203 278 285 317 605 620 688 781
126 165 464 570 590 637 658 748 777 785
62 248 529 566 583 658 668 687 768 774
38 49 149 257 381 404 560 653 759 837
87 183 254 300 394 497 505 563 871 1016
15 355 484 493 644 650 812 915 967 1000
78 131 134 548 576 647 810 877 915 946
378 379 462 525 537 607 670 680 863 935
154 377 396 409 469 546 564 577 890 916
20 146 242 272 310 480 527 703 896 985
57 521 571 655 709 816 875 938 991 1012
459 460 656 723 724 727 940 949 983 1000
57 413 427 431 504 509 544 553 962 1001
93 212 262 530 551 733 773 828 974 988
129 189 239 293 445 596 802 813 845 860
17 143 202 268 394 640 682 834 842 1009
162 286 393 588 690 855 887 968 994 1019
54 59 135 259 357 448 486 557 569 655
131 214 262 278 284 512 709 746 750 893
1 83 330 446 500 547 759 883 885 890
218 223 379 462 598 730 812 933 934 954
20 171 231 284 474 546 632 649 703 957
8 119 144 169 296 315 550 653 911 1002
79 219 294 401 402 454 481 711 733 995
81 98 239 271 496 684 693 891 926 984
141 154 208 323 379 532 613 850 919 1008
56 165 226 430 549 737 795 866 886 937
41 43 117 172 302 400 708 754 758 844
109 157 213 301 304 433 604 696 719 843
67 181 431 462 583 751 773 784 918 957
77 111 240 272 384 662 794 807 832 909
167 185 195 259 336 446 447 487 518 762
92 189 333 469 563 674 717 965 981 996
86 321 329 331 530 597 712 817 984 987
3 118 136 176 261 309 358 471 662 899
198 262 339 378 386 685 702 956 1010 1013
53 67 129 200 407 622 654 815 970 1017
7 167 195 282 408 560 692 830 871 1003
42 84 334 385 410 423 545 571 741 866
13 38 92 193 272 476 601 780 801 982
47 140 357 611 657 673 729 751 945 975
77 120 254 346 395 409 503 660 874 889
58 118 277 310 401 628 755 899 904 987
24 44 250 309 314 392 415 543 633 832
14 80 161 237 557 559 702 769 886 1024
3 314 346 348 427 456 547 566 727 988
165 186 250 392 582 626 678 696 749 1007
63 90 144 158 216 303 477 604 989 1004
63 124 426 448 527 592 614 784 800 848
316 321 475 532 537 624 750 882 947 959
7 33 272 291 514 591 661 829 1013 1022
16 237 333 378 424 630 638 727 955 1020
118 212 416 784 801 869 928 940 950 1016
124 130 283 330 417 586 617 621 683 736
215 229 258 442 463 704 838 962 979 1018
12 26 92 400 455 475 518 581 640 815
54 138 458 469 489 492 720 723 795 1003
35 142 253 422 617 819 849 852 861 906
29 117 142 159 303 380 563 843 891 974
282 426 556 563 645 718 872 898 963 1005
252 349 352 622 664 665 666 776 821 843
27 64 206 390 426 428 480 617 630 859
127 261 416 488 517 582 586 745 758 913
31 84 142 176 207 335 619 747 849 886
49 68 188 379 625 690 806 812 815 919
66 68 84 241 363 618 647 768 948 1001
22 68 230 282 321 334 344 482 610 671
28 54 92 130 424 590 623 635 805 900
55 161 179 236 528 565 699 713 888 922
13 32 159 479 503 534 695 815 958 983
46 49 51 234 603 743 748 787 832 918
138 166 290 456 515 589 614 686 700 902
122 155 273 295 393 695 712 725 850 976
101 159 170 187 237 307 607 670 688 849
214 263 269 389 542 664 722 738 791 801
256 396 429 603 656 786 863 878 986 988
37 187 269 304 344 345 465 764 808 824
49 313 558 676 684 716 792 795 850 912
61 199 228 243 324 372 444 610 689 731
15 35 83 127 135 228 360 406 452 931
141 430 519 610 704 715 728 820 822 967
16 206 561 574 595 952 975 994 995 1016
32 60 73 126 270 350 553 626 911 1013
181 208 380 659 774 787 945 953 990 1011
70 178 439 516 732 734 797 808 905 964
89 217 449 620 672 730 739 933 969 1006
90 163 262 357 409 477 503 673 709 891
2 82 197 506 566 575 754 903 935 1016
137 594 599 620 633 643 867 898 973 1004
25 243 351 464 472 599 652 789 826 956
45 139 326 359 542 552 735 800 818 887
9 161 203 250 260 297 323 387 655 914
14 425 505 565 605 641 662 724 739 814
85 153 270 380 494 531 541 659 660 997
107 282 345 432 484 539 880 962 979 997
44 53 55 232 306 444 509 540 964 1019
247 425 466 529 550 603 702 711 934 968
364 434 469 583 601 623 710 728 868 1010
13 156 251 255 297 323 356 649 819 1014
19 88 132 180 199 453 583 610 937 950
107 315 328 404 407 439 536 757 906 939
45 242 483 643 667 683 830 836 842 943
7 108 174 320 326 371 457 567 753 956
174 183 290 377 439 642 660 840 906 984
72 109 192 278 316 357 533 614 864 975
56 97 167 340 380 600 673 805 837 903
9 164 327 456 495 576 737 831 856 930
35 121 264 360 395 492 536 582 861 957
22 139 212 229 254 380 486 517 611 875
8 74 179 253 339 584 699 895 931 979
53 79 558 625 674 687 710 757 821 824
37 97 307 381 479 742 767 781 828 908
32 129 249 262 342 630 726 754 763 889
53 158 390 450 555 569 641 825 851 950
32 182 374 500 558 615 678 838 867 868
159 166 452 496 579 606 869 881 926 941
8 112 195 325 533 681 736 901 982 1001
36 110 140 244 387 445 673 745 942 980
5 70 147 169 353 524 530 847 963 997
240 296 337 431 504 654 718 771 856 961
18 23 46 330 396 547 790 809 897 913
231 337 384 390 458 634 866 897 943 994
5 56 63 221 308 629 694 721 799 850
74 122 170 215 300 474 498 539 982 989
156 200 263 406 608 773 839 907 940 1001
21 163 235 414 498 589 747 856 964 966
31 162 210 235 379 672 813 858 880 919
103 149 404 418 447 554 642 766 823 873
4 116 185 201 310 342 461 840 861 885
46 55 119 382 522 578 669 782 833 967
351 411 438 535 544 639 799 844 887 898
45 367 393 503 591 616 886 892 964 1009
86 251 292 469 475 554 757 765 768 883
15 241 358 390 584 732 748 876 907 988
75 77 419 428 461 497 523 576 706 736
98 366 378 504 597 667 679 892 929 976
43 255 374 631 664 767 941 951 987 999
23 269 432 622 728 734 796 841 892 951
1 60 110 139 155 245 313 474 487 783
22 75 182 255 422 500 674 684 802 915
5 28 307 632 720 730 772 793 819 911
157 198 258 334 425 483 701 762 833 874
123 276 311 433 580 653 717 733 841 923
11 136 427 522 537 538 562 613 839 975
34 114 187 190 277 350 638 709 842 872
78 174 212 339 362 385 416 417 607 690
151 213 517 551 652 784 818 900 938 992
91 111 410 452 470 602 824 833 879 907
252 305 470 490 632 676 749 790 878 985
32 73 225 290 299 528 634 771 804 1002
251 319 414 416 572 589 596 722 757 1012
162 227 253 257 273 295 478 601 905 992
3 34 79 229 332 363 540 639 707 814
60 216 297 315 322 370 473 589 886 983
153 221 407 448 629 824 862 876 919 1016
19 103 154 302 366 484 639 791 904 941
27 61 65 166 440 583 595 671 895 900
165 205 252 267 371 399 414 531 587 664
41 117 242 306 405 419 423 441 713 916
25 210 215 246 335 521 651 707 860 908
5 176 210 348 527 578 713 740 881 1024
87 102 238 249 261 307 398 555 652 726
39 249 265 354 421 602 841 904 960 976
50 89 264 490 501 535 574 608 656 1003
16 212 367 387 389 400 491 508 601 789
189 209 233 375 479 625 778 782 817 971
21 157 184 201 502 658 675 713 741 933
286 334 351 355 478 503 531 541 729 905
52 59 256 343 504 595 701 860 868 961
120 306 372 415 535 694 761 806 882 996
10 18 168 201 320 520 659 676 874 986
110 269 364 382 672 693 847 858 876 937
74 107 113 124 130 209 640 691 728 771
59 96 450 551 581 590 601 703 745 777
23 150 151 274 381 462 490 771 901 902
11 27 186 264 283 449 485 493 507 533
26 179 236 246 338 451 678 680 1000 1009
29 188 228 260 515 635 716 735 801 827
17 94 266 394 412 438 657 675 688 720
280 331 337 415 442 461 587 597 705 756
147 374 446 524 606 815 853 885 964 1018
24 138 180 386 605 624 687 930 936 955
52 74 137 163 355 483 545 903 925 978
5 19 105 228 280 386 505 523 697 752
166 169 199 235 264 290 336 686 939 956
148 161 344 511 521 528 647 719 789 830
19 79 102 205 220 249 562 594 689 792
38 82 156 218 340 388 502 528 742 1008
127 162 205 219 341 412 509 887 967 1020
19 30 125 277 481 497 519 776 782 803
297 330 365 368 493 529 548 637 700 929
2 34 73 347 417 460 534 591 783 866
31 59 221 222 445 573 676 786 947 1022
81 126 345 446 499 519 523 624 852 880
83 223 349 417 582 645 669 872 920 971
399 534 559 598 659 749 752 800 803 900
279 305 322 464 760 765 785 794 837 1014
2 95 156 187 510 567 677 740 917 922
111 136 267 295 319 375 436 491 510 943
168 263 276 349 355 411 618 756 847 998
205 335 439 501 504 544 780 785 865 1011
93 175 291 333 395 532 706 814 893 894
111 211 408 432 478 513 591 670 738 984
66 121 245 349 395 428 453 566 882 991
198 283 313 650 773 787 828 865 992 1005
8 40 66 160 168 259 726 746 774 848
28 145 280 332 371 420 436 507 554 1003
115 247 266 310 376 477 488 692 721 970
1 511 552 602 722 768 840 841 867 883
9 20 71 171 300 494 759 825 896 946
80 311 336 398 513 565 677 697 760 806
71 75 115 164 233 279 293 425 687 846
94 248 444 481 547 573 630 645 715 826
278 320 424 487 490 497 511 614 636 909
4 152 328 342 532 539 627 920 952 1019
87 241 413 466 497 827 938 995 1004 1018
114 126 190 293 452 526 585 623 871 940
81 276 390 403 514 628 693 774 911 1014
63 172 233 423 427 485 510 523 734 973
76 113 124 200 358 694 873 928 943 966
31 219 298 448 536 589 648 755 806 838
65 88 128 213 592 677 732 775 854 912
517 577 644 669 762 814 820 825 870 1000
170 346 584 635 637 743 882 908 923 967
132 204 246 351 443 543 559 572 576 596
366 405 499 502 627 639 674 761 913 966
9 155 223 482 604 629 819 936 950 1020
12 48 107 133 134 528 638 686 852 971
26 35 58 351 382 498 746 788 878 1011
106 143 406 451 487 615 619 767 770 859
89 184 460 491 560 829 838 863 934 998
51 67 188 338 361 405 829 837 856 910
50 57 166 169 240 388 551 561 633 1015
10 238 244 307 473 542 750 752 902 963
175 284 288 327 441 632 636 813 821 1023
286 385 529 590 611 632 818 880 889 1014
102 150 175 414 531 609 624 830 916 993
172 226 281 437 525 621 671 705 753 834
37 104 158 234 429 577 628 785 874 952
184 260 309 472 643 721 723 830 879 958
114 332 432 543 567 616 693 857 929 1015
137 222 349 559 751 785 791 905 907 989
15 73 143 195 223 412 550 772 821 927
75 133 261 411 468 529 624 736 891 940
16 17 145 299 328 481 507 617 679 909
140 248 377 424 467 698 722 751 862 885
155 324 394 467 539 643 654 668 796 828
85 97 106 179 208 327 331 397 465 835
62 82 276 316 485 525 584 594 854 908
13 43 209 359 572 615 700 831 944 981
21 94 132 195 292 301 397 500 599 990
25 403 459 473 564 615 764 883 910 914
223 328 352 535 557 588 714 781 797 835
133 204 260 485 499 560 652 656 674 828
62 192 431 455 509 643 862 868 869 1006
42 171 418 440 457 493 618 760 885 955
237 436 526 799 813 921 945 972 979 1021
229 429 599 711 800 837 855 857 948 958
76 101 120 125 266 289 408 708 939 942
517 568 603 635 698 713 729 780 977 1010
29 72 374 418 534 581 677 732 769 921
53 130 213 435 470 679 717 723 725 729
100 304 325 522 609 640 792 893 960 962
55 137 177 192 250 305 520 791 807 936
23 90 131 160 234 271 446 758 763 924
95 120 135 443 570 612 787 844 917 959
106 136 287 370 385 437 562 692 931 1023
4 36 112 178 211 397 401 433 488 570
112 396 440 453 483 682 722 770 879 937
48 419 515 560 701 754 793 822 947 990
192 196 214 230 682 805 835 950 961 993
138 220 248 319 354 369 454 853 857 893
22 267 289 382 459 542 662 701 788 924
123 203 227 305 656 668 803 827 996 1012
10 14 375 393 399 442 542 706 753 766
95 239 249 310 377 923 924 969 983 1017
137 211 292 584 619 696 738 846 996 999
116 243 273 410 571 748 836 846 926 954
169 207 233 318 429 463 480 530 740 945
3 191 250 256 268 296 579 600 716 731
6 247 516 609 673 678 702 847 862 897
67 204 210 286 362 421 645 744 778 863
139 238 368 381 573 574 803 853 878 987
85 242 576 596 611 675 802 823 927 991
125 132 219 296 330 588 690 842 901 998
253 292 323 383 447 609 667 697 761 851
61 83 109 211 259 282 750 820 891 978
24 164 180 265 445 648 710 712 771 881
39 188 376 536 555 556 580 597 798 972
121 183 194 222 440 465 718 755 939 1007
100 347 409 455 488 638 762 811 876 980
40 181 191 206 232 245 541 550 970 1021
27 108 136 392 578 585 655 693 696 955
48 133 202 234 289 292 293 721 852 968
33 152 403 534 604 701 734 748 802 896
42 110 220 255 258 348 365 543 999 1017
56 101 189 221 231 384 455 821 865 866
6 99 105 173 235 274 544 752 790 994
238 308 408 571 642 689 809 844 928 944
37 70 118 150 151 207 416 482 834 864
73 236 538 593 633 759 768 775 876 895
18 216 244 346 404 405 437 454 467 989
65 186 233 260 422 445 449 458 480 694
196 253 281 479 618 783 824 884 922 1023
57 131 178 186 308 568 615 825 849 947
20 337 343 388 421 826 961 986 1007 1010
