144 171 226 345 415
56 81 294 398 404
24 241 252 359 486
36 152 335 421 474
325 329 347 367 390
2 174 189 487 504
67 71 244 257 309
89 229 316 323 412
186 298 313 416 433
68 118 377 440 481
54 152 172 350 382
19 27 47 262 434
65 246 276 305 456
43 63 251 299 481
115 212 286 340 449
88 258 288 371 451
10 123 222 385 451
86 99 327 377 508
306 362 390 393 396
70 216 228 416 512
16 87 332 373 457
188 273 315 346 479
84 327 344 381 471
23 53 250 388 494
30 51 296 366 458
30 113 262 383 435
37 268 363 382 499
138 185 274 347 413
16 54 265 384 467
23 43 83 198 396
194 270 333 399 427
276 289 319 321 356
78 103 145 257 501
57 119 351 359 398
65 264 286 314 435
47 92 133 324 474
24 283 318 445 506
80 174 210 246 394
77 89 186 369 495
45 73 104 412 498
5 30 173 234 365
65 186 245 462 502
72 127 234 343 456
26 130 165 250 302
24 52 297 308 338
65 85 277 327 336
71 159 172 201 247
54 154 434 476 500
66 210 271 277 284
146 203 206 370 439
36 148 165 277 438
105 133 186 375 389
243 302 317 320 468
30 54 224 263 274
135 275 302 336 470
185 233 312 329 503
74 217 219 439 511
13 49 96 249 435
89 224 375 380 399
70 80 289 345 360
147 207 285 363 493
29 171 209 455 461
27 254 255 329 425
39 122 181 198 268
81 154 363 428 509
45 187 272 410 412
180 236 243 438 488
84 185 271 272 273
29 34 90 104 183
5 152 291 325 506
49 61 120 416 418
34 80 177 311 467
289 356 398 449 507
62 316 330 379 389
165 341 346 418 450
26 153 155 426 465
164 178 237 248 341
9 22 179 213 352
161 230 317 359 393
101 150 171 251 417
26 206 231 400 424
11 160 294 394 455
102 226 286 401 493
11 45 245 270 272
63 204 300 454 490
64 117 195 240 339
18 23 211 368 422
15 100 202 306 428
50 62 292 370 437
197 206 254 293 471
31 127 159 202 354
122 239 246 262 274
96 182 191 220 408
20 72 385 419 457
185 193 404 472 482
59 105 167 182 380
36 120 312 318 454
7 168 193 231 342
11 23 74 125 504
103 147 205 469 497
123 148 280 465 503
59 66 368 393 443
65 68 116 334 362
36 68 143 180 445
36 77 124 390 504
171 191 436 454 473
203 301 307 379 434
44 116 133 309 499
1 177 235 311 493
74 324 345 378 502
126 237 354 405 409
38 115 323 474 475
14 39 122 379 426
38 108 351 423 447
46 176 202 414 418
98 156 184 335 484
8 204 234 265 365
134 241 249 259 506
114 122 135 229 336
48 248 376 465 472
45 61 314 410 496
2 79 83 279 330
28 67 115 349 480
3 255 260 379 426
18 46 396 465 491
10 208 289 400 423
89 160 269 286 395
69 145 189 196 428
172 194 221 243 319
150 260 274 379 468
205 213 225 471 511
161 306 431 457 491
10 434 450 460 500
16 88 200 213 434
31 151 224 286 472
241 350 405 473 499
295 389 448 470 483
69 263 278 388 478
109 297 315 345 489
115 121 247 324 452
13 125 135 232 287
20 90 264 265 270
103 132 222 436 449
5 46 184 229 254
81 136 162 413 451
69 76 86 103 216
25 94 167 325 387
59 71 118 194 392
75 76 117 210 334
28 141 381 443 506
149 195 353 381 506
27 178 207 421 501
19 166 198 300 361
35 70 215 232 362
105 279 345 433 453
158 305 331 394 404
7 189 235 348 373
63 193 254 320 445
206 265 276 280 322
55 112 150 412 471
35 251 275 298 392
112 223 333 358 395
152 202 293 332 389
145 148 313 418 494
95 208 233 253 364
278 322 363 391 439
93 138 238 244 312
52 90 377 406 412
229 325 391 439 485
10 150 280 330 430
142 151 228 416 462
37 167 234 425 444
76 87 116 123 504
173 177 309 310 352
162 197 408 441 443
81 158 241 270 367
5 16 51 147 470
75 144 291 474 511
160 275 316 383 454
19 121 306 388 494
23 168 236 290 498
145 146 175 321 346
78 92 211 310 496
32 117 373 437 446
18 85 130 238 335
87 253 382 509 511
116 280 283 351 404
47 271 384 438 495
71 221 239 372 503
29 69 76 351 423
149 159 170 486 498
166 311 461 470 477
28 61 122 153 246
84 122 146 154 496
238 244 323 449 457
62 90 181 477 510
36 132 172 174 294
91 98 242 348 411
21 88 285 306 391
26 204 243 331 426
30 67 335 373 377
9 108 183 222 500
134 168 207 298 480
10 28 431 460 488
196 364 393 395 407
34 109 268 288 498
7 95 270 485 506
51 106 232 290 454
75 109 372 379 456
144 333 366 367 488
136 409 474 483 493
220 259 315 352 371
76 235 353 428 468
67 162 225 281 477
158 166 261 330 366
76 196 254 360 508
9 32 138 184 292
91 113 165 227 394
95 230 395 427 491
90 127 393 478 502
105 329 361 399 503
41 163 399 448 496
227 401 433 449 459
18 34 63 82 192
29 34 60 131 356
60 130 200 233 444
17 85 159 358 480
104 285 286 384 390
71 261 315 359 464
41 101 167 273 477
56 117 228 328 503
66 83 106 302 498
372 418 425 485 509
172 277 445 471 500
137 332 333 391 504
46 124 275 383 507
149 251 258 280 463
190 368 440 489 505
139 197 221 231 482
6 92 237 326 439
1 189 272 340 422
118 216 308 365 490
74 178 285 296 484
114 143 324 440 508
34 188 345 410 498
28 42 366 383 431
75 140 303 414 487
160 209 419 452 478
319 368 369 393 482
250 253 298 470 486
61 154 305 339 357
2 45 267 355 364
264 316 358 492 510
33 109 211 248 315
20 305 343 346 502
16 121 282 375 486
20 55 172 210 358
142 151 261 348 502
169 224 238 412 493
298 384 446 460 509
153 241 269 368 450
220 225 242 293 319
17 121 281 331 406
170 314 370 382 391
3 27 137 369 494
70 146 385 414 465
79 126 364 405 479
71 74 177 222 486
76 281 283 344 378
14 135 164 289 300
37 64 199 231 471
189 216 237 246 257
174 175 279 358 484
1 88 123 381 504
16 122 133 150 184
55 349 406 424 455
53 56 249 351 396
140 207 225 311 420
15 29 98 403 418
87 150 386 390 413
16 72 77 444 510
244 266 273 301 493
73 206 260 382 411
68 99 225 228 441
57 93 106 202 207
87 223 374 442 488
22 60 120 153 473
31 110 124 198 441
115 165 465 479 500
90 278 310 356 391
15 77 136 257 408
339 457 483 492 500
125 221 418 423 500
57 64 74 178 230
131 149 279 358 405
141 229 326 486 491
125 298 305 360 397
93 126 162 200 427
73 82 166 356 451
137 199 211 330 416
88 134 190 235 457
132 148 169 234 362
33 101 153 254 265
41 48 235 283 469
130 355 403 470 480
118 199 302 365 376
280 318 347 368 440
39 76 329 505 511
53 62 241 250 446
216 249 335 414 482
59 85 101 349 417
46 66 114 157 169
40 182 284 345 411
20 34 198 250 252
147 197 229 307 360
5 84 256 311 455
55 93 137 168 207
91 120 204 206 485
158 200 357 405 478
7 131 309 377 420
13 79 240 256 273
60 102 177 360 403
19 232 298 305 492
47 103 156 285 453
59 182 190 323 469
41 68 127 297 309
85 93 313 441 454
105 307 421 451 459
115 156 160 187 240
226 260 327 397 491
72 113 240 386 454
56 206 359 413 447
63 119 239 258 408
1 245 273 348 374
90 101 270 366 407
77 115 238 391 417
35 326 328 386 512
6 17 173 383 438
91 179 242 316 352
17 100 108 312 394
59 86 87 119 395
81 185 319 335 421
24 121 142 375 512
60 202 273 283 392
113 191 283 301 400
64 248 252 430 508
119 135 182 398 497
9 70 252 367 502
267 401 406 410 448
58 168 188 289 351
296 337 374 431 435
4 37 114 267 459
21 26 85 92 325
44 45 194 369 478
159 212 374 389 406
57 69 82 192 305
44 224 247 293 311
32 138 241 340 426
56 91 129 297 456
80 97 148 286 314
49 85 98 170 438
39 47 109 352 488
45 177 178 272 359
26 48 137 304 378
68 171 183 397 502
107 114 342 362 432
87 89 167 338 371
64 187 196 397 489
84 134 139 165 478
8 41 181 360 473
20 147 309 364 413
31 128 163 285 376
37 57 86 120 126
183 321 343 387 467
94 172 372 405 481
60 200 201 414 495
93 215 310 452 482
65 214 242 258 342
214 227 232 271 333
265 290 300 312 315
42 210 318 381 489
185 336 378 435 479
1 7 94 124 492
64 162 237 328 503
92 245 352 442 473
139 188 242 388 390
112 161 298 324 371
84 168 394 439 512
3 102 193 281 371
268 320 328 340 424
61 64 98 105 134
4 40 250 253 499
95 223 279 338 481
141 211 222 385 453
54 248 314 408 410
83 215 282 327 475
29 164 454 457 474
25 66 79 368 417
146 190 364 402 481
21 184 234 262 371
91 173 230 249 474
108 131 136 196 230
2 187 424 458 501
34 210 307 334 508
97 365 432 438 508
45 99 286 331 436
147 206 243 307 361
97 244 409 465 505
9 215 248 293 497
12 153 245 354 484
69 195 337 406 450
94 145 385 395 449
37 63 97 219 422
91 332 357 364 443
31 46 250 376 386
259 269 352 357 506
13 260 352 398 401
46 58 334 462 467
91 113 341 365 476
36 147 155 196 413
43 127 369 488 512
94 179 264 346 509
58 154 245 365 425
203 258 274 420 452
194 299 303 348 418
52 111 255 266 268
116 219 252 350 425
103 203 268 341 410
89 282 445 464 485
25 104 168 233 287
60 219 236 326 461
43 301 344 409 447
40 132 235 349 474
38 100 120 138 304
48 89 104 121 468
49 73 405 413 463
158 195 444 473 508
126 129 157 337 385
141 291 307 310 407
111 363 462 475 496
73 140 163 365 441
50 136 261 386 481
48 100 133 431 472
95 105 285 302 419
221 324 399 494 509
226 238 387 400 471
191 197 238 334 492
168 224 255 361 427
12 62 292 382 509
84 155 179 320 380
53 141 147 383 436
41 286 322 354 423
54 61 306 410 475
117 149 230 478 508
129 262 461 497 503
71 187 252 278 313
23 57 192 309 462
107 196 263 328 509
13 44 218 458 479
181 195 218 398 437
178 183 335 341 386
41 214 227 236 381
54 123 154 261 485
74 155 208 296 403
162 206 283 454 496
33 38 97 303 422
96 144 452 453 508
7 11 173 190 450
215 239 263 304 339
128 143 354 355 468
102 152 163 173 241
11 114 151 296 446
6 110 360 440 458
98 163 228 330 345
44 200 256 262 339
105 117 132 173 246
76 129 254 293 414
20 99 358 374 409
53 276 318 372 510
195 216 268 485 509
181 230 396 419 451
161 176 273 433 506
14 308 348 389 475
5 106 212 301 362
161 382 425 455 460
33 55 104 224 315
72 238 345 420 436
160 269 414 474 497
10 65 124 188 263
32 355 370 381 420
32 60 371 405 437
111 112 181 263 314
111 212 382 397 462
33 99 175 300 416
62 177 190 205 313
9 79 178 231 322
211 341 396 420 422
70 127 330 332 435
42 154 400 432 460
194 226 321 346 457
57 117 130 370 407
161 204 373 394 432
248 276 293 338 374
219 326 342 375 407
12 66 211 299 390
25 56 178 205 294
42 164 382 413 451
19 113 114 138 371
15 219 302 395 461
179 183 404 405 425
109 125 392 415 420
13 20 42 128 225
157 175 184 409 417
43 67 124 257 424
86 92 278 384 476
2 106 179 291 487
269 315 353 429 466
21 66 176 238 262
44 201 287 396 400
127 137 201 377 470
186 205 217 366 392
62 129 336 350 469
70 341 390 400 425
142 143 144 325 387
3 182 214 444 455
35 97 129 423 463
113 141 216 255 367
275 356 392 394 434
209 303 397 442 450
129 220 240 325 485
101 300 364 374 443
131 232 256 408 421
166 187 311 323 382
276 398 402 467 501
12 337 370 376 459
48 307 314 427 495
109 141 214 256 350
54 66 159 350 507
98 301 330 421 453
49 130 194 302 359
133 170 300 374 498
281 297 440 479 481
134 250 431 447 502
77 219 337 407 504
110 171 179 245 389
43 158 194 215 228
191 226 252 327 419
4 41 132 213 397
37 56 61 197 233
45 229 303 449 498
78 220 353 380 439
14 56 157 297 415
11 83 150 219 289
74 179 334 339 413
96 192 320 368 495
67 126 154 266 495
23 73 224 251 459
12 192 284 317 321
17 251 402 431 448
210 244 437 460 476
73 128 137 288 439
180 199 350 393 473
42 211 239 265 266
121 146 200 215 458
163 192 275 299 417
4 209 252 294 410
6 35 309 404 447
152 191 192 466 511
24 78 154 224 320
100 108 208 472 474
205 217 245 484 505
31 118 357 431 456
3 126 399 419 489
39 131 288 370 489
60 100 122 145 294
213 313 341 431 490
69 144 215 429 445
121 125 336 367 499
42 108 161 322 486
26 51 96 349 495
62 102 262 380 467
57 253 269 314 401
209 236 304 306 363
316 340 430 455 483
51 111 142 423 499
90 117 203 260 269
48 158 203 364 386
27 87 223 459 491
278 332 357 360 427
157 208 274 380 442
32 257 338 398 409
14 17 94 255 428
78 79 86 203 507
12 182 295 393 455
28 72 288 363 375
101 221 357 431 490
91 240 342 386 495
12 84 184 227 402
155 295 296 457 464
168 199 205 312 486
246 304 358 371 380
94 103 354 369 415
127 277 282 303 466
82 235 254 433 501
79 97 207 299 388
13 29 47 322 387
37 104 214 280 352
3 4 112 331 370
142 443 469 487 492
110 273 285 287 306
190 247 315 442 490
65 70 162 167 472
30 107 114 232 350
124 255 278 311 420
321 436 456 458 511
53 139 199 338 447
109 260 264 268 451
8 272 406 462 510
10 102 270 436 483
54 120 207 292 295
25 136 159 260 444
68 199 243 267 344
76 148 274 304 423
256 388 400 443 450
75 165 271 317 372
50 75 167 253 289
14 79 119 421 432
1 108 249 424 445
5 80 329 361 433
102 258 268 319 419
18 113 157 204 343
228 347 355 441 442
193 250 295 439 507
50 93 107 328 356
73 274 384 430 466
52 111 149 420 441
122 182 208 397 430
201 258 351 434 497
203 337 359 362 432
134 222 262 379 469
69 87 198 299 320
85 140 310 334 505
295 308 446 453 461
70 82 95 212 429
7 266 401 419 488
47 83 95 96 98
8 49 213 272 392
43 107 175 427 494
119 120 205 228 305
77 140 162 212 411
58 89 125 139 366
201 296 353 368 460
135 138 210 229 349
15 148 243 326 453
29 217 224 298 499
218 282 370 460 480
35 40 55 247 385
32 201 208 209 373
58 290 300 377 402
23 169 248 300 310
31 132 133 187 257
59 237 241 299 479
3 50 82 156 181
78 267 281 343 364
38 139 147 159 267
9 40 133 146 267
53 131 308 342 492
6 136 209 453 480
127 148 336 401 429
52 107 214 280 409
47 150 273 363 444
88 138 292 333 378
247 293 312 324 487
239 317 346 432 460
64 158 373 385 490
13 284 355 377 399
149 404 417 428 467
134 253 321 383 487
11 167 342 451 468
78 110 119 214 383
37 80 143 164 323
96 106 222 475 477
82 124 157 260 308
111 141 231 284 346
35 138 197 198 242
92 156 278 391 434
187 209 317 388 418
30 186 207 280 385
134 151 285 393 505
28 223 271 352 491
28 66 92 128 379
22 182 244 414 473
231 378 424 447 499
194 329 376 426 509
94 148 170 276 279
148 235 253 483 499
68 128 390 417 492
12 50 112 452 466
72 78 88 275 316
9 22 278 397 456
348 375 476 479 501
67 242 251 303 487
18 77 216 228 380
13 58 161 261 287
81 175 177 386 444
58 82 341 408 481
19 98 99 359 366
110 157 190 234 465
33 217 225 293 351
7 183 304 317 494
75 180 230 303 464
21 52 240 279 494
275 365 367 373 466
8 48 189 192 459
26 38 165 287 419
25 158 284 384 486
139 178 239 349 468
116 200 266 326 496
62 155 176 235 392
27 131 263 347 385
188 329 414 446 500
281 357 415 452 475
191 218 263 446 468
52 101 108 218 299
11 50 95 279 468
17 36 319 368 412
180 189 218 252 258
147 287 304 344 379
27 247 374 466 468
61 199 227 292 347
14 88 177 285 486
201 291 340 428 467
151 198 220 230 349
176 291 344 425 501
18 106 195 297 384
24 260 323 341 450
130 149 191 233 313
58 161 281 409 483
39 129 143 292 299
19 140 367 404 485
6 40 153 245 373
2 18 190 318 394
8 45 100 277 430
2 50 68 181 488
3 5 269 324 380
22 103 225 412 435
6 8 63 270 332
208 277 340 484 501
141 198 253 355 402
117 225 256 440 493
78 236 247 448 452
200 390 402 440 504
7 174 309 444 481
119 234 294 319 476
15 107 249 427 496
8 139 152 386 406
152 307 317 339 357
51 55 234 269 471
188 210 226 416 507
21 164 403 417 462
125 193 376 432 492
102 238 348 429 497
130 166 191 319 471
5 49 191 283 458
26 42 185 339 403
38 61 184 334 481
134 151 318 343 436
209 272 339 415 507
21 57 166 251 467
1 33 193 436 475
326 356 379 381 494
22 32 39 347 449
201 220 236 331 411
129 209 290 412 424
64 72 92 428 507
22 50 180 267 396
31 139 140 208 380
93 167 180 372 488
24 33 165 170 182
55 145 246 407 466
128 192 207 318 459
24 110 336 372 396
60 142 345 398 510
88 236 255 259 353
208 403 407 445 448
38 161 180 282 399
101 277 290 411 472
34 43 140 435 479
17 119 296 371 392
115 199 327 355 504
35 281 362 448 470
22 103 284 393 469
23 55 80 347 476
46 123 188 237 403
38 67 233 263 284
11 79 99 344 453
74 100 176 291 459
80 82 106 130 495
50 111 329 337 463
12 255 297 402 464
176 246 259 281 384
130 221 346 490 501
3 396 402 480 489
25 43 81 137 356
17 149 274 312 477
105 271 376 417 427
15 37 131 237 470
19 137 169 283 291
52 71 151 327 505
2 100 136 152 213
44 149 172 195 497
140 175 212 227 271
202 221 333 441 463
74 299 359 408 429
243 262 271 276 387
21 30 131 145 217
22 156 160 240 372
118 150 297 353 442
187 264 305 347 433
33 72 287 429 493
267 317 441 449 503
107 145 146 287 476
28 63 193 334 490
283 317 354 361 510
159 320 416 429 511
81 183 296 419 512
96 103 384 422 480
220 318 411 453 460
150 178 257 437 438
244 308 392 443 446
101 108 184 313 456
6 184 237 250 277
40 170 336 348 354
35 135 222 444 506
14 203 454 459 477
2 104 163 308 484
210 312 403 438 464
49 261 321 427 437
51 114 143 331 350
75 171 310 335 415
24 344 349 369 415
86 222 308 351 491
52 118 235 265 267
156 234 337 472 505
10 97 124 199 221
119 151 418 483 484
172 325 378 406 487
106 132 159 255 412
153 264 270 280 511
133 232 279 284 329
77 90 162 320 492
173 264 400 434 500
9 72 387 478 489
11 73 204 428 455
58 93 173 223 464
202 313 326 332 438
140 185 447 464 478
112 153 192 333 378
29 164 171 268 436
66 116 221 366 375
22 156 264 314 335
176 361 452 461 487
96 214 282 437 488
1 15 84 311 506
40 78 407 411 503
233 245 328 398 503
64 160 295 321 415
21 304 321 375 461
83 110 259 322 461
143 173 185 188 429
118 135 211 244 423
112 126 266 351 401
36 128 168 334 426
156 248 348 377 445
56 70 169 217 315
340 361 378 497 507
53 62 143 197 213
175 282 355 435 489
155 205 354 446 475
102 301 333 400 442
10 196 322 367 494
1 256 376 410 430
204 226 339 415 458
4 6 27 123 510
226 335 387 452 462
233 251 270 338 360
44 223 297 337 395
105 110 111 169 275
69 193 248 319 442
16 48 99 215 226
231 265 293 450 493
18 89 338 342 344
69 225 408 469 478
20 30 96 135 408
10 27 316 363 507
144 194 216 416 501
25 39 327 328 487
112 185 266 295 337
121 123 125 241 249
197 274 353 363 402
27 71 323 381 491
93 180 278 381 440
115 205 294 312 389
79 187 249 362 369
181 291 358 374 448
7 44 264 307 310
166 331 340 354 448
195 318 366 430 455
4 163 237 420 451
113 186 203 438 458
156 229 289 347 424
31 114 157 284 428
29 61 269 327 432
14 112 175 298 458
31 132 212 213 346
16 196 215 365 443
4 116 170 404 472
24 83 98 236 277
77 232 271 333 361
63 85 179 401 421
107 155 160 463 467
40 142 275 404 510
35 104 349 430 482
83 95 471 479 482
59 97 107 189 389
117 121 231 322 484
12 175 193 449 490
44 75 259 426 505
39 81 342 397 447
36 57 139 313 388
163 188 286 316 473
8 73 106 123 189
51 165 227 292 373
179 197 227 303 437
42 71 204 214 294
53 99 388 433 470
183 233 306 378 475
32 109 217 353 422
206 307 391 465 496
218 259 331 423 450
169 186 322 343 362
63 133 164 324 465
170 308 328 405 426
55 190 204 456 505
144 247 290 463 485
87 89 202 213 416
122 256 399 476 511
14 104 198 272 464
59 141 144 171 218
259 306 320 433 477
68 118 167 343 344
13 84 288 421 445
94 116 127 136 290
9 25 65 227 484
177 258 388 462 499
2 242 296 309 391
155 163 228 236 314
1 180 276 446 464
26 115 118 256 472
28 142 146 369 469
95 326 375 477 512
172 219 261 301 469
43 200 266 325 440
291 302 332 338 387
99 143 158 176 239
19 174 332 426 432
212 287 336 395 430
47 152 223 303 500
92 100 160 292 482
16 123 243 414 498
81 186 372 401 434
88 181 201 463 495
110 128 153 295 425
109 154 170 220 265
136 247 288 311 350
15 65 279 342 369
4 19 67 113 466
94 116 151 389 493
129 261 301 316 463
8 46 125 324 497
25 41 174 239 456
102 138 246 323 330
132 218 276 360 482
85 231 240 310 409
90 164 166 216 355
67 166 282 377 512
196 240 249 343 489
53 220 252 282 340
41 254 330 448 508
59 82 290 457 476
80 202 217 410 490
32 51 353 358 411
51 108 186 443 477
21 223 288 328 504
17 169 230 288 422
174 239 376 480 483
52 164 300 301 325
80 83 406 437 491
38 174 343 483 502
3 212 218 383 429
97 219 272 323 331
15 48 128 229 356
42 244 263 370 413
120 146 254 295 422
40 54 120 266 411
33 86 91 292 461
86 111 253 496 512
58 75 162 232 394
18 142 222 338 383
124 242 304 466 512
126 174 290 407 435
183 189 217 357 480
34 195 242 257 289
49 305 403 424 442
5 39 135 439 447
211 259 288 294 361
20 144 243 482 502
137 145 261 387 422
86 126 223 302 421
6 56 258 395 433
30 157 171 463 498
23 49 169 257 399
46 176 441 473 510
4 47 155 251 367
